LTE_ID;LTE_AREA_REAL;LTE_CODIGO;LTE_PERIMETRO_REAL;QDR_ID;LTE_DATA_INICIAL;LTE_DATA_FINAL;LTE_LOTEAMENTO;LTE_QUADRA_LOTEAMENTO;LTE_LOTE_LOTEAMENTO;LTE_CONFORMIDADE;LTE_NUM_PLANTA;LTE_PERIMETRO_FISCAL;LTE_AREA_FISCAL;LTE_SUBLOTE;LTE_REGIAO;LTE_STATUS;LTE_ORDEMCODIGO;LTE_ORDEMNUMERO;LTE_DISTANCIALOTEEIXO;LTM_ID;LTE_FILTRO;lte_area_pref;lte_construido;lte_oficial;lte_filtro2;lte_filtro3;lte_lotefiscal;lte_recad;LTE_ALTEROUGEO;LTE_MEXEUNOGEO;LTE_PGV;LTE_RECADASTRAMENTO;LTE_DATA_ALTERACAO;LTE_NUM;
606374;2107.78;001;182.66;31462;;;;;;1;;;2168.30;001;;16;C;;;;39605;0.000000;;;X;1;;;2;;;1;20081013140238; ;
606375;912.92;003;131.69;31462;;;;;;1;;;877.56;003;;0;D;;;;39606;877.560000;;;;1;;;2;;;4;20091204173713; ;
606376;2283.75;001;198.54;31463;;;;;;1;;;2283.75;001;;16;;;;;39607;0.000000;;;X;1;;;2;;;1;20090807160353; ;
606377;1947.77;002;188.69;31463;;;;;;2;;;2098.30;002;;0;;;;;39608;2098.300000;;;;0;;;2;;;0;; ;
606378;3263.20;003;262.99;31463;;;;;;2;;;;003;;0;;;;;530690397;1141.880000;;;;0;;;;;;0;; ;
606380;539.34;001;96.15;31464;;;;;;1;;;671.61;001;;16;;;;;39609;671.610000;;;;1;;;2;;;1;20090813110617; ;
606381;242.40;002;64.40;31464;;;;;;1;;;214.00;002;;16;;;;;39610;214.000000;;;;1;;;1;;;4;20090826110845; ;
606382;104.03;004;50.70;31464;;;;;;1;;;104.03;004;;16;;;;;39611;104.030000;;;;1;;;2;;;1;20090813110758; ;
606383;104.03;005;50.70;31464;;;;;;1;;;104.03;005;;16;;;;;39612;104.030000;;;;1;;;2;;;1;20090813111216; ;
606384;219.17;006;62.10;31464;;;;;;2;;;219.17;006;;0;;;;;39613;219.170000;;;X;0;;;2;;;0;; ;
